layout_spectrum: 0.778328170068562
typography_spectrum: 0.14472683216445148
color:
  brandStrength: 0.4139684084802866
  lightness: 0.6608809074386954
  saturation: 0.6615263517014682
  rhythmicContrast: 0.2843201521318406
name: YourSite
